00110011
00000111
01000001
01100111
00000111
01000001
00000111
01100111
01000010
10010110
10000110
00100000
11100110
10000110
00100000
10000110
11100110
01000110
00011111
11101010
10101001
00101111
11101010
10101001
11101010
00101111
10001111
01111010
10100011
11001000
10001110
10100011
11001000
10100011
10001110
00101110
01010101
10000101
11100011
11100101
10000101
11100011
10000101
11100101
00010010
00110000
11000100
01000010
10100100
11000100
01000010
11000100
10100100
00110110
10111001
00001000
10001011
00001101
00001000
10001011
00001000
00001101
10111011
11011100
11000001
00101010
01101100
11000001
00101010
11000001
01101100
11011110
01110011
01000111
11000001
00100111
01000111
11000001
01000111
00100111
00000010
11010110
11000110
10100000
10100110
11000110
10100000
11000110
10100110
00000110
00011111
00101010
00101001
00101111
00101010
00101001
00101010
00101111
10001111
10111010
11100011
01001000
01001110
11100011
01001000
11100011
01001110
11101110
11010101
00000101
10100011
01100101
00000101
10100011
00000101
01100101
01010010
10110000
01000100
00000010
00100100
01000100
00000010
01000100
00100100
01110110
00111001
10001000
10001011
10001101
10001000
10001011
10001000
10001101
10111011
01011100
01000001
11101010
11101100
01000001
11101010
01000001
11101100
00011110
01100011
10100101
11010001
00110111
10100101
11010001
10100101
00110111
00010010
11000110
11000100
10110000
10110110
11000100
10110000
11000100
10110110
00010110
00001111
00001000
00111001
00111111
00001000
00111001
00001000
00111111
10011111
10101010
11000001
01011000
01011110
11000001
01011000
11000001
01011110
11111110
11000101
00010101
10110011
01110101
00010101
10110011
00010101
01110101
10110000
10100000
01010100
00010010
00110100
01010100
00010010
01010100
00110100
10010100
00101001
10011000
10011011
10011101
10011000
10011011
10011000
10011101
00111101
01001100
01010001
11111010
11111100
01010001
11111010
01010001
11111100
01011100
00100011
00100101
01010001
01110111
00100101
01010001
00100101
01110111
01010010
10000110
01000100
00110000
11110110
01000100
00110000
01000100
11110110
01010110
00001111
10001000
10111001
00111111
10001000
10111001
10001000
00111111
10011111
01101010
01000001
11011000
10011110
01000001
11011000
01000001
10011110
00111110
01000101
10010101
11110011
11110101
10010101
11110011
10010101
11110101
00110000
00100000
11010100
01010010
10110100
11010100
01010010
11010100
10110100
00010100
10101001
00011000
10011011
00011101
00011000
10011011
00011000
00011101
10111101
11001100
11010001
00111010
01111100
11010001
00111010
11010001
01111100
11011100
01100111
00110101
11100111
00110011
00110101
